1 1 0 0 0 
1 1 0 0 1 
1 1 0 0 2 
2 1 0 0 0 
2 1 0 0 1 
2 1 0 0 2 
3 1 0 0 0 
3 1 0 0 1 
3 1 0 0 2 
4 1 0 0 0 
4 1 0 0 1 
4 1 0 0 2 
5 1 0 0 0 
5 1 0 0 1 
5 1 0 0 2 
6 1 0 0 0 
6 1 0 0 1 
6 1 0 0 2 
7 1 0 0 0 
7 1 0 0 1 
7 1 0 0 2 
8 1 0 0 0 
8 1 0 0 1 
8 1 0 0 2 
9 1 0 0 0 
9 1 0 0 1 
9 1 0 0 2 
10 1 0 0 0 
10 1 0 0 1 
10 1 0 0 2 
11 1 0 0 0 
11 1 0 0 1 
11 1 0 0 2 
12 1 0 0 0 
12 1 0 0 1 
12 1 0 0 2 
13 1 0 0 0 
13 1 0 0 1 
13 1 0 0 2 
14 1 0 0 0 
14 1 0 0 1 
14 1 0 0 2 
15 1 0 0 0 
15 1 0 0 1 
15 1 0 0 2 
16 1 0 0 0 
16 1 0 0 1 
16 1 0 0 2 
17 1 0 0 0 
17 1 0 0 1 
17 0 0 0 2 
18 1 0 0 0 
18 1 0 0 1 
18 0 0 0 2 
19 1 0 0 0 
19 1 0 0 1 
19 0 0 0 2 
20 1 0 0 0 
20 1 0 0 1 
20 0 0 0 2 
21 1 0 0 0 
21 1 0 0 1 
21 0 0 0 2 
22 1 0 0 0 
22 1 0 0 1 
22 0 0 0 2 
23 1 0 0 0 
23 1 0 0 1 
23 0 0 0 2 
24 1 0 0 0 
24 1 0 0 1 
24 0 0 0 2 
25 1 0 0 0 
25 1 0 0 1 
25 0 0 0 2 
26 1 0 0 0 
26 1 0 0 1 
26 0 0 0 2 
27 1 0 0 0 
27 1 0 0 1 
27 0 0 0 2 
28 1 0 0 0 
28 1 0 0 1 
28 0 0 0 2 
29 1 0 0 0 
29 1 0 0 1 
29 0 0 0 2 
30 1 0 0 0 
30 0 0 0 1 
30 1 0 0 2 
31 1 0 0 0 
31 0 0 0 1 
31 1 0 0 2 
32 1 0 0 0 
32 0 0 0 1 
32 1 0 0 2 
33 1 0 0 0 
33 0 0 0 1 
33 1 0 0 2 
34 1 0 0 0 
34 0 0 0 1 
34 1 0 0 2 
35 1 0 0 0 
35 0 0 0 1 
35 1 0 0 2 
36 1 0 0 0 
36 0 0 0 1 
36 1 0 0 2 
37 1 0 0 0 
37 0 0 0 1 
37 1 0 0 2 
38 1 0 0 0 
38 0 0 0 1 
38 1 0 0 2 
39 1 0 0 0 
39 0 0 0 1 
39 0 0 0 2 
40 1 0 0 0 
40 0 0 0 1 
40 0 0 0 2 
41 1 0 0 0 
41 0 0 0 1 
41 0 0 0 2 
42 0 0 0 0 
42 1 0 0 1 
42 1 0 0 2 
43 0 0 0 0 
43 1 0 0 1 
43 1 0 0 2 
44 0 0 0 0 
44 1 0 0 1 
44 1 0 0 2 
45 0 0 0 0 
45 1 0 0 1 
45 1 0 0 2 
46 0 0 0 0 
46 1 0 0 1 
46 1 0 0 2 
47 0 0 0 0 
47 1 0 0 1 
47 1 0 0 2 
48 0 0 0 0 
48 1 0 0 1 
48 1 0 0 2 
49 0 0 0 0 
49 1 0 0 1 
49 1 0 0 2 
50 0 0 0 0 
50 1 0 0 1 
50 1 0 0 2 
51 0 0 0 0 
51 1 0 0 1 
51 1 0 0 2 
52 0 0 0 0 
52 1 0 0 1 
52 1 0 0 2 
53 0 0 0 0 
53 1 0 0 1 
53 1 0 0 2 
54 0 0 0 0 
54 1 0 0 1 
54 1 0 0 2 
55 0 0 0 0 
55 1 0 0 1 
55 1 0 0 2 
56 0 0 0 0 
56 1 0 0 1 
56 0 0 0 2 
57 0 0 0 0 
57 1 0 0 1 
57 0 0 0 2 
58 0 0 0 0 
58 1 0 0 1 
58 0 0 0 2 
59 0 0 0 0 
59 1 0 0 1 
59 0 0 0 2 
60 0 0 0 0 
60 0 0 0 1 
60 1 0 0 2 
61 0 0 0 0 
61 0 0 0 1 
61 1 0 0 2 
62 0 0 0 0 
62 0 0 0 1 
62 1 0 0 2 
63 0 0 0 0 
63 0 0 0 1 
63 1 0 0 2 
64 0 0 0 0 
64 0 0 0 1 
64 1 0 0 2 
65 0 0 0 0 
65 0 0 0 1 
65 1 0 0 2 
66 0 0 0 0 
66 0 0 0 1 
66 1 0 0 2 
67 0 0 0 0 
67 0 0 0 1 
67 1 0 0 2 
68 0 0 0 0 
68 0 0 0 1 
68 1 0 0 2 
69 0 0 0 0 
69 0 0 0 1 
69 1 0 0 2 
70 0 0 0 0 
70 0 0 0 1 
70 1 0 0 2 
71 0 0 0 0 
71 0 0 0 1 
71 1 0 0 2 
72 0 0 0 0 
72 0 0 0 1 
72 1 0 0 2 
73 0 0 0 0 
73 0 0 0 1 
73 1 0 0 2 
74 0 0 0 0 
74 0 0 0 1 
74 1 0 0 2 
75 0 0 0 0 
75 0 0 0 1 
75 0 0 0 2 
76 0 0 0 0 
76 0 0 0 1 
76 0 0 0 2 
77 0 0 0 0 
77 0 0 0 1 
77 0 0 0 2 
78 0 0 0 0 
78 0 0 0 1 
78 0 0 0 2 
79 0 0 0 0 
79 0 0 0 1 
79 0 0 0 2 
80 0 0 0 0 
80 0 0 0 1 
80 0 0 0 2 
81 1 0 1 0 
81 1 0 1 1 
81 1 0 1 2 
82 1 0 1 0 
82 1 0 1 1 
82 1 0 1 2 
83 1 0 1 0 
83 1 0 1 1 
83 1 0 1 2 
84 1 0 1 0 
84 1 0 1 1 
84 1 0 1 2 
85 1 0 1 0 
85 1 0 1 1 
85 1 0 1 2 
86 1 0 1 0 
86 1 0 1 1 
86 1 0 1 2 
87 1 0 1 0 
87 1 0 1 1 
87 1 0 1 2 
88 1 0 1 0 
88 1 0 1 1 
88 1 0 1 2 
89 1 0 1 0 
89 1 0 1 1 
89 1 0 1 2 
90 1 0 1 0 
90 1 0 1 1 
90 1 0 1 2 
91 1 0 1 0 
91 1 0 1 1 
91 1 0 1 2 
92 1 0 1 0 
92 1 0 1 1 
92 1 0 1 2 
93 1 0 1 0 
93 1 0 1 1 
93 1 0 1 2 
94 1 0 1 0 
94 1 0 1 1 
94 1 0 1 2 
95 1 0 1 0 
95 1 0 1 1 
95 1 0 1 2 
96 1 0 1 0 
96 1 0 1 1 
96 1 0 1 2 
97 1 0 1 0 
97 1 0 1 1 
97 1 0 1 2 
98 1 0 1 0 
98 1 0 1 1 
98 1 0 1 2 
99 1 0 1 0 
99 1 0 1 1 
99 1 0 1 2 
100 1 0 1 0 
100 1 0 1 1 
100 1 0 1 2 
101 1 0 1 0 
101 1 0 1 1 
101 1 0 1 2 
102 1 0 1 0 
102 1 0 1 1 
102 1 0 1 2 
103 1 0 1 0 
103 1 0 1 1 
103 1 0 1 2 
104 1 0 1 0 
104 1 0 1 1 
104 1 0 1 2 
105 1 0 1 0 
105 1 0 1 1 
105 1 0 1 2 
106 1 0 1 0 
106 1 0 1 1 
106 1 0 1 2 
107 1 0 1 0 
107 1 0 1 1 
107 1 0 1 2 
108 1 0 1 0 
108 1 0 1 1 
108 1 0 1 2 
109 1 0 1 0 
109 1 0 1 1 
109 1 0 1 2 
110 1 0 1 0 
110 1 0 1 1 
110 1 0 1 2 
111 1 0 1 0 
111 1 0 1 1 
111 1 0 1 2 
112 1 0 1 0 
112 0 0 1 1 
112 1 0 1 2 
113 1 0 1 0 
113 0 0 1 1 
113 1 0 1 2 
114 1 0 1 0 
114 0 0 1 1 
114 1 0 1 2 
115 1 0 1 0 
115 0 0 1 1 
115 1 0 1 2 
116 1 0 1 0 
116 0 0 1 1 
116 1 0 1 2 
117 1 0 1 0 
117 0 0 1 1 
117 1 0 1 2 
118 0 0 1 0 
118 1 0 1 1 
118 1 0 1 2 
119 0 0 1 0 
119 1 0 1 1 
119 1 0 1 2 
120 0 0 1 0 
120 1 0 1 1 
120 1 0 1 2 
121 0 0 1 0 
121 1 0 1 1 
121 1 0 1 2 
122 0 0 1 0 
122 1 0 1 1 
122 1 0 1 2 
123 0 0 1 0 
123 1 0 1 1 
123 1 0 1 2 
124 0 0 1 0 
124 1 0 1 1 
124 1 0 1 2 
125 0 0 1 0 
125 1 0 1 1 
125 1 0 1 2 
126 0 0 1 0 
126 1 0 1 1 
126 1 0 1 2 
127 0 0 1 0 
127 1 0 1 1 
127 1 0 1 2 
128 0 0 1 0 
128 1 0 1 1 
128 1 0 1 2 
129 0 0 1 0 
129 1 0 1 1 
129 1 0 1 2 
130 0 0 1 0 
130 1 0 1 1 
130 1 0 1 2 
131 0 0 1 0 
131 1 0 1 1 
131 1 0 1 2 
132 0 0 1 0 
132 1 0 1 1 
132 1 0 1 2 
133 0 0 1 0 
133 1 0 1 1 
133 1 0 1 2 
134 0 0 1 0 
134 1 0 1 1 
134 1 0 1 2 
135 0 0 1 0 
135 1 0 1 1 
135 1 0 1 2 
136 0 0 1 0 
136 1 0 1 1 
136 1 0 1 2 
137 0 0 1 0 
137 1 0 1 1 
137 1 0 1 2 
138 0 0 1 0 
138 1 0 1 1 
138 1 0 1 2 
139 0 0 1 0 
139 1 0 1 1 
139 1 0 1 2 
140 0 0 1 0 
140 1 0 1 1 
140 0 0 1 2 
141 0 0 1 0 
141 1 0 1 1 
141 0 0 1 2 
142 0 0 1 0 
142 0 0 1 1 
142 1 0 1 2 
143 0 0 1 0 
143 0 0 1 1 
143 1 0 1 2 
144 0 0 1 0 
144 0 0 1 1 
144 1 0 1 2 
145 0 0 1 0 
145 0 0 1 1 
145 1 0 1 2 
146 0 0 1 0 
146 0 0 1 1 
146 1 0 1 2 
147 0 0 1 0 
147 0 0 1 1 
147 1 0 1 2 
148 0 0 1 0 
148 0 0 1 1 
148 1 0 1 2 
149 0 0 1 0 
149 0 0 1 1 
149 1 0 1 2 
150 0 0 1 0 
150 0 0 1 1 
150 1 0 1 2 
151 1 1 0 0 
151 1 1 0 1 
151 1 1 0 2 
152 1 1 0 0 
152 1 1 0 1 
152 1 1 0 2 
153 1 1 0 0 
153 1 1 0 1 
153 0 1 0 2 
154 1 1 0 0 
154 1 1 0 1 
154 0 1 0 2 
155 1 1 0 0 
155 0 1 0 1 
155 1 1 0 2 
156 1 1 0 0 
156 0 1 0 1 
156 1 1 0 2 
157 1 1 0 0 
157 0 1 0 1 
157 1 1 0 2 
158 1 1 0 0 
158 0 1 0 1 
158 1 1 0 2 
159 1 1 0 0 
159 0 1 0 1 
159 1 1 0 2 
160 1 1 0 0 
160 0 1 0 1 
160 1 1 0 2 
161 1 1 0 0 
161 0 1 0 1 
161 1 1 0 2 
162 1 1 0 0 
162 0 1 0 1 
162 1 1 0 2 
163 1 1 0 0 
163 0 1 0 1 
163 0 1 0 2 
164 1 1 0 0 
164 0 1 0 1 
164 0 1 0 2 
165 1 1 0 0 
165 0 1 0 1 
165 0 1 0 2 
166 1 1 0 0 
166 0 1 0 1 
166 0 1 0 2 
167 1 1 0 0 
167 0 1 0 1 
167 0 1 0 2 
168 1 1 0 0 
168 0 1 0 1 
168 0 1 0 2 
169 1 1 0 0 
169 0 1 0 1 
169 0 1 0 2 
170 1 1 0 0 
170 0 1 0 1 
170 0 1 0 2 
171 1 1 0 0 
171 0 1 0 1 
171 0 1 0 2 
172 0 1 0 0 
172 1 1 0 1 
172 1 1 0 2 
173 0 1 0 0 
173 1 1 0 1 
173 1 1 0 2 
174 0 1 0 0 
174 1 1 0 1 
174 1 1 0 2 
175 0 1 0 0 
175 1 1 0 1 
175 1 1 0 2 
176 0 1 0 0 
176 1 1 0 1 
176 1 1 0 2 
177 0 1 0 0 
177 1 1 0 1 
177 1 1 0 2 
178 0 1 0 0 
178 1 1 0 1 
178 1 1 0 2 
179 0 1 0 0 
179 1 1 0 1 
179 1 1 0 2 
180 0 1 0 0 
180 1 1 0 1 
180 1 1 0 2 
181 0 1 0 0 
181 1 1 0 1 
181 0 1 0 2 
182 0 1 0 0 
182 1 1 0 1 
182 0 1 0 2 
183 0 1 0 0 
183 1 1 0 1 
183 0 1 0 2 
184 0 1 0 0 
184 1 1 0 1 
184 0 1 0 2 
185 0 1 0 0 
185 1 1 0 1 
185 0 1 0 2 
186 0 1 0 0 
186 1 1 0 1 
186 0 1 0 2 
187 0 1 0 0 
187 1 1 0 1 
187 0 1 0 2 
188 0 1 0 0 
188 1 1 0 1 
188 0 1 0 2 
189 0 1 0 0 
189 1 1 0 1 
189 0 1 0 2 
190 0 1 0 0 
190 1 1 0 1 
190 0 1 0 2 
191 0 1 0 0 
191 1 1 0 1 
191 0 1 0 2 
192 0 1 0 0 
192 1 1 0 1 
192 0 1 0 2 
193 0 1 0 0 
193 1 1 0 1 
193 0 1 0 2 
194 0 1 0 0 
194 1 1 0 1 
194 0 1 0 2 
195 0 1 0 0 
195 1 1 0 1 
195 0 1 0 2 
196 0 1 0 0 
196 0 1 0 1 
196 1 1 0 2 
197 0 1 0 0 
197 0 1 0 1 
197 1 1 0 2 
198 0 1 0 0 
198 0 1 0 1 
198 1 1 0 2 
199 0 1 0 0 
199 0 1 0 1 
199 1 1 0 2 
200 0 1 0 0 
200 0 1 0 1 
200 1 1 0 2 
201 0 1 0 0 
201 0 1 0 1 
201 1 1 0 2 
202 0 1 0 0 
202 0 1 0 1 
202 1 1 0 2 
203 0 1 0 0 
203 0 1 0 1 
203 1 1 0 2 
204 0 1 0 0 
204 0 1 0 1 
204 1 1 0 2 
205 0 1 0 0 
205 0 1 0 1 
205 1 1 0 2 
206 0 1 0 0 
206 0 1 0 1 
206 1 1 0 2 
207 0 1 0 0 
207 0 1 0 1 
207 1 1 0 2 
208 0 1 0 0 
208 0 1 0 1 
208 1 1 0 2 
209 0 1 0 0 
209 0 1 0 1 
209 1 1 0 2 
210 0 1 0 0 
210 0 1 0 1 
210 1 1 0 2 
211 0 1 0 0 
211 0 1 0 1 
211 1 1 0 2 
212 0 1 0 0 
212 0 1 0 1 
212 1 1 0 2 
213 0 1 0 0 
213 0 1 0 1 
213 1 1 0 2 
214 0 1 0 0 
214 0 1 0 1 
214 1 1 0 2 
215 0 1 0 0 
215 0 1 0 1 
215 1 1 0 2 
216 0 1 0 0 
216 0 1 0 1 
216 1 1 0 2 
217 0 1 0 0 
217 0 1 0 1 
217 1 1 0 2 
218 0 1 0 0 
218 0 1 0 1 
218 1 1 0 2 
219 0 1 0 0 
219 0 1 0 1 
219 1 1 0 2 
220 0 1 0 0 
220 0 1 0 1 
220 1 1 0 2 
221 0 1 0 0 
221 0 1 0 1 
221 1 1 0 2 
222 0 1 0 0 
222 0 1 0 1 
222 1 1 0 2 
223 0 1 0 0 
223 0 1 0 1 
223 0 1 0 2 
224 0 1 0 0 
224 0 1 0 1 
224 0 1 0 2 
225 0 1 0 0 
225 0 1 0 1 
225 0 1 0 2 
226 0 1 0 0 
226 0 1 0 1 
226 0 1 0 2 
227 0 1 0 0 
227 0 1 0 1 
227 0 1 0 2 
228 0 1 0 0 
228 0 1 0 1 
228 0 1 0 2 
229 0 1 0 0 
229 0 1 0 1 
229 0 1 0 2 
230 0 1 0 0 
230 0 1 0 1 
230 0 1 0 2 
231 0 1 0 0 
231 0 1 0 1 
231 0 1 0 2 
232 0 1 0 0 
232 0 1 0 1 
232 0 1 0 2 
233 0 1 0 0 
233 0 1 0 1 
233 0 1 0 2 
234 0 1 0 0 
234 0 1 0 1 
234 0 1 0 2 
235 0 1 0 0 
235 0 1 0 1 
235 0 1 0 2 
236 0 1 0 0 
236 0 1 0 1 
236 0 1 0 2 
237 0 1 0 0 
237 0 1 0 1 
237 0 1 0 2 
238 0 1 0 0 
238 0 1 0 1 
238 0 1 0 2 
239 0 1 0 0 
239 0 1 0 1 
239 0 1 0 2 
240 0 1 0 0 
240 0 1 0 1 
240 0 1 0 2 
241 0 1 0 0 
241 0 1 0 1 
241 0 1 0 2 
242 0 1 0 0 
242 0 1 0 1 
242 0 1 0 2 
243 0 1 0 0 
243 0 1 0 1 
243 0 1 0 2 
244 0 1 0 0 
244 0 1 0 1 
244 0 1 0 2 
245 0 1 0 0 
245 0 1 0 1 
245 0 1 0 2 
246 0 1 0 0 
246 0 1 0 1 
246 0 1 0 2 
247 0 1 0 0 
247 0 1 0 1 
247 0 1 0 2 
248 0 1 0 0 
248 0 1 0 1 
248 0 1 0 2 
249 0 1 0 0 
249 0 1 0 1 
249 0 1 0 2 
250 0 1 0 0 
250 0 1 0 1 
250 0 1 0 2 
251 1 1 1 0 
251 1 1 1 1 
251 1 1 1 2 
252 1 1 1 0 
252 1 1 1 1 
252 1 1 1 2 
253 1 1 1 0 
253 1 1 1 1 
253 1 1 1 2 
254 1 1 1 0 
254 1 1 1 1 
254 1 1 1 2 
255 1 1 1 0 
255 1 1 1 1 
255 1 1 1 2 
256 1 1 1 0 
256 1 1 1 1 
256 1 1 1 2 
257 1 1 1 0 
257 1 1 1 1 
257 1 1 1 2 
258 1 1 1 0 
258 1 1 1 1 
258 0 1 1 2 
259 1 1 1 0 
259 1 1 1 1 
259 0 1 1 2 
260 1 1 1 0 
260 0 1 1 1 
260 1 1 1 2 
261 1 1 1 0 
261 0 1 1 1 
261 1 1 1 2 
262 1 1 1 0 
262 0 1 1 1 
262 1 1 1 2 
263 1 1 1 0 
263 0 1 1 1 
263 1 1 1 2 
264 1 1 1 0 
264 0 1 1 1 
264 1 1 1 2 
265 1 1 1 0 
265 0 1 1 1 
265 0 1 1 2 
266 1 1 1 0 
266 0 1 1 1 
266 0 1 1 2 
267 0 1 1 0 
267 1 1 1 1 
267 1 1 1 2 
268 0 1 1 0 
268 1 1 1 1 
268 1 1 1 2 
269 0 1 1 0 
269 1 1 1 1 
269 1 1 1 2 
270 0 1 1 0 
270 1 1 1 1 
270 1 1 1 2 
271 0 1 1 0 
271 1 1 1 1 
271 1 1 1 2 
272 0 1 1 0 
272 1 1 1 1 
272 1 1 1 2 
273 0 1 1 0 
273 1 1 1 1 
273 1 1 1 2 
274 0 1 1 0 
274 1 1 1 1 
274 1 1 1 2 
275 0 1 1 0 
275 1 1 1 1 
275 1 1 1 2 
276 0 1 1 0 
276 1 1 1 1 
276 1 1 1 2 
277 0 1 1 0 
277 1 1 1 1 
277 1 1 1 2 
278 0 1 1 0 
278 1 1 1 1 
278 1 1 1 2 
279 0 1 1 0 
279 1 1 1 1 
279 1 1 1 2 
280 0 1 1 0 
280 1 1 1 1 
280 1 1 1 2 
281 0 1 1 0 
281 1 1 1 1 
281 1 1 1 2 
282 0 1 1 0 
282 1 1 1 1 
282 1 1 1 2 
283 0 1 1 0 
283 1 1 1 1 
283 1 1 1 2 
284 0 1 1 0 
284 1 1 1 1 
284 1 1 1 2 
285 0 1 1 0 
285 1 1 1 1 
285 1 1 1 2 
286 0 1 1 0 
286 1 1 1 1 
286 1 1 1 2 
287 0 1 1 0 
287 1 1 1 1 
287 1 1 1 2 
288 0 1 1 0 
288 1 1 1 1 
288 1 1 1 2 
289 0 1 1 0 
289 1 1 1 1 
289 1 1 1 2 
290 0 1 1 0 
290 1 1 1 1 
290 1 1 1 2 
291 0 1 1 0 
291 1 1 1 1 
291 1 1 1 2 
292 0 1 1 0 
292 1 1 1 1 
292 1 1 1 2 
293 0 1 1 0 
293 1 1 1 1 
293 1 1 1 2 
294 0 1 1 0 
294 1 1 1 1 
294 1 1 1 2 
295 0 1 1 0 
295 1 1 1 1 
295 1 1 1 2 
296 0 1 1 0 
296 1 1 1 1 
296 1 1 1 2 
297 0 1 1 0 
297 1 1 1 1 
297 1 1 1 2 
298 0 1 1 0 
298 1 1 1 1 
298 0 1 1 2 
299 0 1 1 0 
299 1 1 1 1 
299 0 1 1 2 
300 0 1 1 0 
300 1 1 1 1 
300 0 1 1 2 
301 0 1 1 0 
301 1 1 1 1 
301 0 1 1 2 
302 0 1 1 0 
302 1 1 1 1 
302 0 1 1 2 
303 0 1 1 0 
303 0 1 1 1 
303 1 1 1 2 
304 0 1 1 0 
304 0 1 1 1 
304 1 1 1 2 
305 0 1 1 0 
305 0 1 1 1 
305 1 1 1 2 
306 0 1 1 0 
306 0 1 1 1 
306 1 1 1 2 
307 0 1 1 0 
307 0 1 1 1 
307 1 1 1 2 
308 0 1 1 0 
308 0 1 1 1 
308 1 1 1 2 
309 0 1 1 0 
309 0 1 1 1 
309 1 1 1 2 
310 0 1 1 0 
310 0 1 1 1 
310 1 1 1 2 
311 0 1 1 0 
311 0 1 1 1 
311 1 1 1 2 
312 0 1 1 0 
312 0 1 1 1 
312 1 1 1 2 
313 0 1 1 0 
313 0 1 1 1 
313 1 1 1 2 
314 0 1 1 0 
314 0 1 1 1 
314 1 1 1 2 
315 0 1 1 0 
315 0 1 1 1 
315 1 1 1 2 
316 0 1 1 0 
316 0 1 1 1 
316 1 1 1 2 
317 0 1 1 0 
317 0 1 1 1 
317 1 1 1 2 
318 0 1 1 0 
318 0 1 1 1 
318 1 1 1 2 
319 0 1 1 0 
319 0 1 1 1 
319 1 1 1 2 
320 0 1 1 0 
320 0 1 1 1 
320 1 1 1 2 
321 0 1 1 0 
321 0 1 1 1 
321 1 1 1 2 
322 0 1 1 0 
322 0 1 1 1 
322 1 1 1 2 
323 0 1 1 0 
323 0 1 1 1 
323 1 1 1 2 
324 0 1 1 0 
324 0 1 1 1 
324 1 1 1 2 
325 0 1 1 0 
325 0 1 1 1 
325 1 1 1 2 
326 0 1 1 0 
326 0 1 1 1 
326 1 1 1 2 
327 0 1 1 0 
327 0 1 1 1 
327 1 1 1 2 
328 0 1 1 0 
328 0 1 1 1 
328 1 1 1 2 
329 0 1 1 0 
329 0 1 1 1 
329 1 1 1 2 
330 0 1 1 0 
330 0 1 1 1 
330 1 1 1 2 
331 0 1 1 0 
331 0 1 1 1 
331 1 1 1 2 
332 0 1 1 0 
332 0 1 1 1 
332 1 1 1 2 
333 0 1 1 0 
333 0 1 1 1 
333 1 1 1 2 
334 0 1 1 0 
334 0 1 1 1 
334 1 1 1 2 
335 0 1 1 0 
335 0 1 1 1 
335 0 1 1 2 
336 0 1 1 0 
336 0 1 1 1 
336 0 1 1 2 
337 0 1 1 0 
337 0 1 1 1 
337 0 1 1 2 
338 0 1 1 0 
338 0 1 1 1 
338 0 1 1 2 
339 0 1 1 0 
339 0 1 1 1 
339 0 1 1 2 
340 0 1 1 0 
340 0 1 1 1 
340 0 1 1 2 
